"bbpi";"curspeed";"depth";"oxygen";"light";"nitrate";"phosphate";"poc";"salinity";"silicate";"slope";"temperature";"PC1";"PC2";"PC3";"PC4"
"bbpi";1;0.0869251609955876;0.353707038501843;-0.123474061669306;0.654106902003595;-0.132233973290575;-0.125357717366408;0.160841337301253;0.124215111846117;-0.138772175028216;0.193361928846586;0.250659803234079;0.30637831927235;0.714576028002146;0.455645706922343;0.00919763129595994
"curspeed";0.0869251609955876;1;-0.0234126168338812;-0.178658873782196;0.0574039430687163;0.032829586447807;0.0335763843225491;0.0520361468256642;0.100763991925378;0.108017969859322;-0.0530640361892989;0.138129709718341;0.00677362191062101;0.328248110558884;-0.370147880777155;-0.234877228766519
"depth";0.353707038501843;-0.0234126168338812;1;-0.049867394499858;0.172449968263374;-0.560799961605773;-0.514222310664742;0.6459471965457;0.152974902513803;-0.542307871258652;0.107231690542385;0.616862080150851;0.742313399522804;0.265779433637931;-0.0187652809940549;0.349790687580814
"oxygen";-0.123474061669306;-0.178658873782196;-0.049867394499858;1;-0.0429712312937106;-0.405164411238816;-0.401872341390034;-0.0658436534073027;-0.152308777230748;-0.332867616209556;-0.0473523526600748;-0.268670378743316;0.180739904611159;-0.667919580302558;0.562355761249237;0.0567745238411557
"light";0.654106902003595;0.0574039430687163;0.172449968263374;-0.0429712312937106;1;-0.0432587043427407;-0.043334093964813;0.0278717924512443;0.0431447996899214;-0.0619837885314832;0.0740041029230707;0.0793143558007148;0.159812820815825;0.620815864642022;0.557901606890912;-0.00245809865129263
"nitrate";-0.132233973290575;0.032829586447807;-0.560799961605773;-0.405164411238816;-0.0432587043427407;1;0.985156015003971;-0.507458065250304;-0.392995976765237;0.889892692962312;0.075627507352663;-0.675798247466739;-0.941230463489989;0.274238360459287;-0.0689650675682714;0.0543884765929576
"phosphate";-0.125357717366408;0.0335763843225491;-0.514222310664742;-0.401872341390034;-0.043334093964813;0.985156015003971;1;-0.430274087716079;-0.448844886310302;0.907128429998994;0.0531605940095328;-0.654679177398331;-0.926989608187479;0.287519792332391;-0.087838271772894;0.148679477365198
"poc";0.160841337301253;0.0520361468256642;0.6459471965457;-0.0658436534073027;0.0278717924512443;-0.507458065250304;-0.430274087716079;1;-0.00898876823880237;-0.379373304814783;-0.123425642061056;0.631366204295792;0.642325990343283;0.149524248129736;-0.296902023399747;0.576318477270284
"salinity";0.124215111846117;0.100763991925378;0.152974902513803;-0.152308777230748;0.0431447996899214;-0.392995976765237;-0.448844886310302;-0.00898876823880237;1;-0.345817976808643;0.0382074417452818;0.493442420164587;0.462572851874859;0.110539343790844;-0.212625523258231;-0.754805416707633
"silicate";-0.138772175028216;0.108017969859322;-0.542307871258652;-0.332867616209556;-0.0619837885314832;0.889892692962312;0.907128429998994;-0.379373304814783;-0.345817976808643;1;-0.0257616319742196;-0.514995477098217;-0.865539615294789;0.265552305464381;-0.17627339047444;0.0893794997405186
"slope";0.193361928846586;-0.0530640361892989;0.107231690542385;-0.0473523526600748;0.0740041029230707;0.075627507352663;0.0531605940095328;-0.123425642061056;0.0382074417452818;-0.0257616319742196;1;-0.0532906422528402;-0.0175854190706048;0.248677443913615;0.372587760390646;-0.231243083051766
"temperature";0.250659803234079;0.138129709718341;0.616862080150851;-0.268670378743316;0.0793143558007148;-0.675798247466739;-0.654679177398331;0.631366204295792;0.493442420164587;-0.514995477098217;-0.0532906422528402;1;0.810833041806195;0.264854039670689;-0.391272853716814;-0.0363457261472373
"PC1";0.30637831927235;0.00677362191062101;0.742313399522804;0.180739904611159;0.159812820815825;-0.941230463489989;-0.926989608187479;0.642325990343283;0.462572851874859;-0.865539615294789;-0.0175854190706048;0.810833041806195;1;5.57671559683772e-16;-7.43966149566958e-16;-1.39710754611116e-16
"PC2";0.714576028002146;0.328248110558884;0.265779433637931;-0.667919580302558;0.620815864642022;0.274238360459287;0.287519792332391;0.149524248129736;0.110539343790844;0.265552305464381;0.248677443913615;0.264854039670689;5.57671559683772e-16;1;1.96915355761916e-17;-3.31035132044046e-16
"PC3";0.455645706922343;-0.370147880777155;-0.0187652809940549;0.562355761249237;0.557901606890912;-0.0689650675682714;-0.087838271772894;-0.296902023399747;-0.212625523258231;-0.17627339047444;0.372587760390646;-0.391272853716814;-7.43966149566958e-16;1.96915355761916e-17;1;4.39393699723592e-17
"PC4";0.00919763129595994;-0.234877228766519;0.349790687580814;0.0567745238411557;-0.00245809865129263;0.0543884765929576;0.148679477365198;0.576318477270284;-0.754805416707633;0.0893794997405186;-0.231243083051766;-0.0363457261472373;-1.39710754611116e-16;-3.31035132044046e-16;4.39393699723592e-17;1
