"bbpi";"curspeed";"depth";"oxygen";"fbpi";"nitrate";"phosphate";"poc";"salinity";"silicate";"slope";"PC1";"PC2";"PC3";"PC4"
"bbpi";1;0.0914411157767157;-0.198426617612541;0.693303642906232;-0.251053052694247;-0.258238390641902;0.158544044689243;0.13587647286831;-0.374644059930277;0.167707647224555;0.317482311109127;0.370209225906908;0.846497955668401;0.0433624196374539;0.0447699373213085
"curspeed";0.0914411157767157;1;0.0247669923002184;0.0651606053445737;-0.0616107030561759;-0.0890086661546944;0.0113785657682201;0.0856560090142666;-0.00795165690830462;-0.162545392666561;0.0555899366909318;0.0716706939789631;0.0746081022066637;0.79279171058114;0.0416796613174121
"depth";-0.198426617612541;0.0247669923002184;1;-0.0559886276708837;0.436736552143607;0.232413513582486;-0.67366867469662;-0.286662613012804;0.638768833660026;0.0534439817732455;-0.672394663484162;-0.628509098368394;0.0338735773623699;0.27402039476035;-0.644165311114483
"oxygen";0.693303642906232;0.0651606053445737;-0.0559886276708837;1;-0.0747594607512268;-0.0878381004621201;0.021186207722935;0.0147660839893254;-0.152544567270281;0.0517932685763486;0.0925063928409311;0.163070571681971;0.874678796600603;0.145203271038462;0.0943246002691323
"fbpi";-0.251053052694247;-0.0616107030561759;0.436736552143607;-0.0747594607512268;1;0.944969781230106;-0.744307176997467;-0.826857097923568;0.816168706058362;0.0388091819925617;-0.929583602180286;-0.956987627187334;0.112074029871947;-0.0627837554572397;0.178414379362512
"nitrate";-0.258238390641902;-0.0890086661546944;0.232413513582486;-0.0878381004621201;0.944969781230106;1;-0.557267999787812;-0.834292811901823;0.803277235064206;0.00345828351658671;-0.834060541266699;-0.886399863538959;0.067592606765731;-0.137830769926177;0.391964954741711
"phosphate";0.158544044689243;0.0113785657682201;-0.67366867469662;0.021186207722935;-0.744307176997467;-0.557267999787812;1;0.502768457325641;-0.626919775954965;-0.101018974431212;0.797324639863471;0.798902404857297;-0.167166130741267;-0.102620300809602;0.338358353013511
"poc";0.13587647286831;0.0856560090142666;-0.286662613012804;0.0147660839893254;-0.826857097923568;-0.834292811901823;0.502768457325641;1;-0.613355198056451;-0.0547744713814306;0.713989396989094;0.795353355674948;-0.180452791810681;0.164992141728596;-0.34886788130319
"salinity";-0.374644059930277;-0.00795165690830462;0.638768833660026;-0.152544567270281;0.816168706058362;0.803277235064206;-0.626919775954965;-0.613355198056451;1;-0.0901362188826031;-0.875787583428166;-0.90572247513442;-0.0713440155347942;0.137882946945908;-0.00756470102276513
"silicate";0.167707647224555;-0.162545392666561;0.0534439817732455;0.0517932685763486;0.0388091819925617;0.00345828351658671;-0.101018974431212;-0.0547744713814306;-0.0901362188826031;1;-0.0267171736048993;-0.0194116710474093;0.319684123615355;-0.612446167569574;-0.472745143128728
"slope";0.317482311109127;0.0555899366909318;-0.672394663484162;0.0925063928409311;-0.929583602180286;-0.834060541266699;0.797324639863471;0.713989396989094;-0.875787583428166;-0.0267171736048993;1;0.97288834457569;-0.0557563137530279;-0.0440255967137228;0.0714376958974344
"PC1";0.370209225906908;0.0716706939789631;-0.628509098368394;0.163070571681971;-0.956987627187334;-0.886399863538959;0.798902404857297;0.795353355674948;-0.90572247513442;-0.0194116710474093;0.97288834457569;1;-1.08523477698069e-15;-1.26418525819238e-16;-1.02999403220001e-16
"PC2";0.846497955668401;0.0746081022066637;0.0338735773623699;0.874678796600603;0.112074029871947;0.067592606765731;-0.167166130741267;-0.180452791810681;-0.0713440155347942;0.319684123615355;-0.0557563137530279;-1.08523477698069e-15;1;1.19189633711767e-16;-1.01197816225134e-18
"PC3";0.0433624196374539;0.79279171058114;0.27402039476035;0.145203271038462;-0.0627837554572397;-0.137830769926177;-0.102620300809602;0.164992141728596;0.137882946945908;-0.612446167569574;-0.0440255967137228;-1.26418525819238e-16;1.19189633711767e-16;1;5.31032210902124e-16
"PC4";0.0447699373213085;0.0416796613174121;-0.644165311114483;0.0943246002691323;0.178414379362512;0.391964954741711;0.338358353013511;-0.34886788130319;-0.00756470102276513;-0.472745143128728;0.0714376958974344;-1.02999403220001e-16;-1.01197816225134e-18;5.31032210902124e-16;1
